{
  "nbformat": 4,
  "nbformat_minor": 0,
  "metadata": {
    "colab": {
      "provenance": [],
      "include_colab_link": true
    },
    "kernelspec": {
      "name": "python3",
      "display_name": "Python 3"
    },
    "language_info": {
      "name": "python"
    }
  },
  "cells": [
    {
      "cell_type": "markdown",
      "metadata": {
        "id": "view-in-github",
        "colab_type": "text"
      },
      "source": [
        "<a href=\"https://colab.research.google.com/github/Kirak91/kirak91.github.io/blob/master/PARE_data_Chujun_forAlbert.ipynb\" target=\"_parent\"><img src=\"https://colab.research.google.com/assets/colab-badge.svg\" alt=\"Open In Colab\"/></a>"
      ]
    },
    {
      "cell_type": "code",
      "execution_count": null,
      "metadata": {
        "colab": {
          "base_uri": "https://localhost:8080/"
        },
        "id": "Jl16iL-_BEF1",
        "outputId": "e3b00bf0-f651-49a3-a024-37e06b91e56d"
      },
      "outputs": [
        {
          "output_type": "stream",
          "name": "stdout",
          "text": [
            "Looking in indexes: https://pypi.org/simple, https://us-python.pkg.dev/colab-wheels/public/simple/\n",
            "Collecting numpy-quaternion\n",
            "  Downloading numpy-quaternion-2022.4.2.tar.gz (60 kB)\n",
            "\u001b[K     |████████████████████████████████| 60 kB 2.9 MB/s \n",
            "\u001b[?25h  Installing build dependencies ... \u001b[?25l\u001b[?25hdone\n",
            "  Getting requirements to build wheel ... \u001b[?25l\u001b[?25hdone\n",
            "    Preparing wheel metadata ... \u001b[?25l\u001b[?25hdone\n",
            "Requirement already satisfied: numpy>=1.13 in /usr/local/lib/python3.7/dist-packages (from numpy-quaternion) (1.21.6)\n",
            "Building wheels for collected packages: numpy-quaternion\n",
            "  Building wheel for numpy-quaternion (PEP 517) ... \u001b[?25l\u001b[?25hdone\n",
            "  Created wheel for numpy-quaternion: filename=numpy_quaternion-2022.4.2-cp37-cp37m-linux_x86_64.whl size=158423 sha256=f00e8fd290e454834f7d3bf21c5447535706c405b3d953e31fa6693ad48d7826\n",
            "  Stored in directory: /root/.cache/pip/wheels/ce/dc/f3/1b4a5e49b5590eec6fe35cc44fce61b37f599dd67468472075\n",
            "Successfully built numpy-quaternion\n",
            "Installing collected packages: numpy-quaternion\n",
            "Successfully installed numpy-quaternion-2022.4.2\n"
          ]
        }
      ],
      "source": [
        "# Google Colab has already installed many of the commonly used libraries\n",
        "# For those that are already installed, you just need to \"import\" the library\n",
        "# For those that are not already installed (you will know from error messages)\n",
        "# You need to \"!pip install\" the library and then \"import\" the library\n",
        "\n",
        "!pip install numpy-quaternion\n",
        "import quaternion\n",
        "import joblib"
      ]
    },
    {
      "cell_type": "code",
      "source": [
        "import numpy as np"
      ],
      "metadata": {
        "id": "X8rSidYS2dMY"
      },
      "execution_count": null,
      "outputs": []
    },
    {
      "cell_type": "code",
      "source": [
        "# Read in the data\n",
        "# First you drag and drop the data file to google colab \"Files\" area\n",
        "# Then, you will see the file once it is successfully uploaded\n",
        "# Note that this file does not stay there permanently\n",
        "# You will need to upload the file again everytime you restart google colab\n",
        "# Once you see the file, right click, select \"Copy path\"\n",
        "# Then paste that PATH to the code \"joblib.load('PATH')\"\n",
        "\n",
        "data = joblib.load('/content/pare_output.pkl')"
      ],
      "metadata": {
        "id": "IQN3vzbnEZxA"
      },
      "execution_count": null,
      "outputs": []
    },
    {
      "cell_type": "code",
      "source": [
        "# pkl file is a dictionary\n",
        "# Check out python code for dealing with dictionary\n",
        "# This specific data file is a dictionary of dictionary\n",
        "# First layer is \"tracks\": look up what tracks mean in PARE\n",
        "# Basically, it means everytime a person enter the scene (regardless of whether\n",
        "# this person had already appear in the video before), PARE treats it as a\n",
        "# new entry, gives it a new \"track ID\", and start recording their body pose data \n",
        "# To see how many \"tracks\" are in this dataset, check out how many keys are in\n",
        "# the dictionary\n",
        "\n",
        "data.keys()"
      ],
      "metadata": {
        "colab": {
          "base_uri": "https://localhost:8080/"
        },
        "id": "CDSeg7iRKXFJ",
        "outputId": "7cc84e13-9c19-40d3-a7f7-4d073b382e2c"
      },
      "execution_count": null,
      "outputs": [
        {
          "output_type": "execute_result",
          "data": {
            "text/plain": [
              "dict_keys([1, 2, 4, 5, 6, 7, 8, 10, 11, 12, 13, 14, 19, 17, 16, 15, 20, 21, 22, 23, 24, 25, 27, 28, 29, 30, 32, 33, 36, 37, 39, 40, 42, 43, 45, 47, 48, 49, 50, 53, 55, 56, 60, 64, 63, 65, 66, 68, 73, 74, 76, 77, 78, 79, 80, 81, 82, 83, 85, 86, 87, 88, 89, 91, 94, 95, 96, 97, 98, 100, 101, 102, 103, 104, 106, 107, 111, 112, 114, 115, 116, 117, 118, 121, 120, 119, 123, 132, 136, 137, 138, 139, 141, 142, 143, 145, 148, 147, 149, 150, 151, 152, 153, 154, 155, 157, 158, 159, 160, 161, 162, 163, 164, 165, 166, 167, 168, 169])"
            ]
          },
          "metadata": {},
          "execution_count": 4
        }
      ]
    },
    {
      "cell_type": "code",
      "source": [
        "# Now as I said, this datafile is a dictionary of dictionary\n",
        "# Which means, within each \"track\", it is a dictionary\n",
        "# So, let's examine what each \"track\" is, let's say \"track 0\"\n",
        "\n",
        "track0 = data[1]\n",
        "track0"
      ],
      "metadata": {
        "colab": {
          "base_uri": "https://localhost:8080/"
        },
        "id": "L1ZbIfBzNyud",
        "outputId": "53e3add8-54b3-4a03-dc6f-64f42085ad23"
      },
      "execution_count": null,
      "outputs": [
        {
          "output_type": "execute_result",
          "data": {
            "text/plain": [
              "{'pred_cam': array([[4.07888031e+00, 4.40436676e-02, 7.95767605e-01],\n",
              "        [4.08088779e+00, 3.92956808e-02, 7.99082518e-01],\n",
              "        [4.07610941e+00, 3.95002589e-02, 7.98690081e-01],\n",
              "        [4.06647301e+00, 6.82887286e-02, 7.90184259e-01],\n",
              "        [4.01029253e+00, 7.54430369e-02, 7.81816244e-01],\n",
              "        [3.97327518e+00, 7.30171651e-02, 7.84515798e-01],\n",
              "        [4.00737000e+00, 7.25031942e-02, 7.83695281e-01],\n",
              "        [3.92130756e+00, 6.91184700e-02, 7.87626147e-01],\n",
              "        [3.83423758e+00, 5.16902022e-02, 7.87752748e-01],\n",
              "        [3.92895794e+00, 5.92319444e-02, 7.97586322e-01],\n",
              "        [3.79161119e+00, 3.80748026e-02, 7.92602658e-01],\n",
              "        [3.79458666e+00, 4.05252054e-02, 7.94445753e-01],\n",
              "        [3.69753838e+00, 3.72057483e-02, 7.96048403e-01],\n",
              "        [3.66373205e+00, 3.89472507e-02, 7.86117435e-01],\n",
              "        [3.57423925e+00, 4.57683578e-02, 7.86542594e-01],\n",
              "        [3.59882641e+00, 4.94462103e-02, 7.85876036e-01],\n",
              "        [3.61326933e+00, 4.94715124e-02, 7.86114037e-01],\n",
              "        [3.81101131e+00, 2.82890350e-02, 7.94916749e-01],\n",
              "        [3.82701015e+00, 4.98141795e-02, 7.87714124e-01],\n",
              "        [3.86780238e+00, 3.10952775e-02, 7.85436511e-01],\n",
              "        [3.80252409e+00, 1.76070109e-02, 7.79111087e-01],\n",
              "        [3.88438272e+00, 1.14249075e-02, 7.91167021e-01],\n",
              "        [3.93154979e+00, 1.93734504e-02, 7.94552267e-01],\n",
              "        [3.93359280e+00, 2.18339749e-02, 7.91832566e-01],\n",
              "        [3.89342833e+00, 1.93395838e-02, 7.97934771e-01],\n",
              "        [3.87371349e+00, 2.34665126e-02, 7.92048454e-01],\n",
              "        [3.88418269e+00, 1.81294978e-02, 7.93549538e-01],\n",
              "        [3.94903874e+00, 2.84087639e-02, 7.93841481e-01],\n",
              "        [3.89086795e+00, 3.11946198e-02, 7.99752235e-01],\n",
              "        [3.89508533e+00, 2.63578594e-02, 8.07062149e-01],\n",
              "        [3.97375870e+00, 1.59192644e-02, 8.06127489e-01],\n",
              "        [3.86407042e+00, 3.13233305e-03, 8.08695197e-01],\n",
              "        [3.78165340e+00, 6.58102054e-03, 8.05489123e-01],\n",
              "        [3.64191151e+00, 1.09049855e-02, 7.95323908e-01],\n",
              "        [3.69019485e+00, 1.49641773e-02, 8.00984442e-01],\n",
              "        [3.68967915e+00, 1.63474455e-02, 8.01018357e-01],\n",
              "        [3.71942139e+00, 1.20004220e-02, 8.00697863e-01],\n",
              "        [3.67614603e+00, 1.58070587e-02, 8.03379774e-01],\n",
              "        [3.62026477e+00, 1.98991820e-02, 8.01481843e-01],\n",
              "        [3.63014078e+00, 1.49456849e-02, 8.01486373e-01],\n",
              "        [3.59574890e+00, 1.17420685e-02, 7.95924067e-01],\n",
              "        [3.59480143e+00, 1.12232510e-02, 7.94691443e-01],\n",
              "        [3.54677010e+00, 1.23020634e-02, 7.96542346e-01],\n",
              "        [3.49796891e+00, 1.97325163e-02, 7.92551279e-01],\n",
              "        [3.49372292e+00, 1.43614979e-02, 7.92688370e-01],\n",
              "        [3.46706676e+00, 1.79249682e-02, 7.91221976e-01],\n",
              "        [3.38713217e+00, 1.44137871e-02, 7.87744164e-01],\n",
              "        [3.36686373e+00, 6.82181306e-03, 7.87826657e-01],\n",
              "        [3.38650966e+00, 5.95877692e-03, 7.90850401e-01],\n",
              "        [3.34724522e+00, 1.03078093e-02, 7.89640784e-01],\n",
              "        [3.36075020e+00, 8.96673463e-03, 7.91547656e-01],\n",
              "        [3.30718780e+00, 6.69753551e-03, 7.87987232e-01],\n",
              "        [3.33312511e+00, 8.62513110e-03, 7.89502323e-01],\n",
              "        [3.40173435e+00, 4.52485494e-03, 7.95287430e-01],\n",
              "        [3.37420893e+00, 4.79985774e-03, 7.88666248e-01],\n",
              "        [3.41360736e+00, 6.82120770e-03, 7.92057216e-01],\n",
              "        [3.39429069e+00, 6.67362474e-03, 7.90401399e-01],\n",
              "        [3.37697458e+00, 1.57376640e-02, 7.86578894e-01],\n",
              "        [3.34543896e+00, 3.19495425e-03, 7.82474637e-01],\n",
              "        [3.43822002e+00, 2.15874612e-03, 7.84942448e-01],\n",
              "        [3.45013976e+00, 2.51320563e-03, 7.90457428e-01],\n",
              "        [3.43141150e+00, 2.21705250e-03, 7.83535004e-01],\n",
              "        [3.40770292e+00, 1.42766349e-03, 7.83667028e-01],\n",
              "        [3.39962387e+00, 6.79127872e-03, 7.88743615e-01],\n",
              "        [3.39286470e+00, 5.95698692e-03, 7.87102759e-01],\n",
              "        [3.42563009e+00, 8.82008485e-03, 7.88758039e-01],\n",
              "        [3.40465641e+00, 9.20691714e-03, 7.83631444e-01],\n",
              "        [3.45938969e+00, 6.27884269e-03, 7.93497443e-01],\n",
              "        [3.41067696e+00, 1.65994503e-02, 7.86201417e-01],\n",
              "        [3.43134308e+00, 2.29707174e-02, 7.96172023e-01],\n",
              "        [3.36481047e+00, 8.67863186e-03, 7.90647149e-01],\n",
              "        [3.37034941e+00, 6.69317320e-03, 7.90859163e-01],\n",
              "        [3.50470638e+00, 2.16199793e-02, 8.03275228e-01],\n",
              "        [3.41386127e+00, 1.80610940e-02, 8.01401019e-01],\n",
              "        [3.34665442e+00, 2.00404413e-02, 7.98334956e-01],\n",
              "        [3.42024088e+00, 1.90698877e-02, 7.91072011e-01],\n",
              "        [3.36236668e+00, 1.45400017e-02, 7.86166072e-01],\n",
              "        [3.39061975e+00, 1.52171860e-02, 7.87235856e-01],\n",
              "        [3.42119479e+00, 1.61539614e-02, 7.89097011e-01],\n",
              "        [3.36920714e+00, 1.69586912e-02, 7.84742117e-01],\n",
              "        [3.39977407e+00, 1.86939575e-02, 7.86004663e-01],\n",
              "        [3.40839052e+00, 1.82050727e-02, 7.86117852e-01],\n",
              "        [3.24518156e+00, 1.15969572e-02, 7.76050091e-01],\n",
              "        [3.33981752e+00, 1.50277028e-02, 7.86480069e-01],\n",
              "        [3.25691748e+00, 1.06464103e-02, 7.85074830e-01],\n",
              "        [3.18589163e+00, 1.33102927e-02, 7.81102121e-01],\n",
              "        [3.21975183e+00, 1.33748185e-02, 7.79145420e-01],\n",
              "        [3.22724247e+00, 1.90569460e-02, 7.82845616e-01],\n",
              "        [3.16084027e+00, 1.54298162e-02, 7.78936327e-01],\n",
              "        [3.15850019e+00, 1.38068562e-02, 7.78988063e-01],\n",
              "        [3.03271961e+00, 2.13661380e-02, 7.82976151e-01],\n",
              "        [3.04786801e+00, 2.25264467e-02, 7.81688213e-01],\n",
              "        [3.13416958e+00, 3.11381817e-02, 7.83527434e-01],\n",
              "        [3.24251652e+00, 3.83123085e-02, 7.79389381e-01],\n",
              "        [3.30674863e+00, 1.82873346e-02, 7.82893360e-01],\n",
              "        [1.96241283e+00, 1.04117408e-01, 6.25330925e-01],\n",
              "        [1.74992561e+00, 9.77663323e-02, 5.55567682e-01],\n",
              "        [2.01319480e+00, 9.29553062e-02, 5.85647643e-01],\n",
              "        [2.03631067e+00, 9.05160457e-02, 5.73880494e-01],\n",
              "        [1.77711689e+00, 7.45765343e-02, 5.51166713e-01],\n",
              "        [1.80030513e+00, 8.59836116e-02, 5.46522677e-01],\n",
              "        [1.73994851e+00, 8.93228427e-02, 5.43630540e-01],\n",
              "        [1.72346568e+00, 7.90819377e-02, 5.50572157e-01]], dtype=float32),\n",
              " 'orig_cam': array([[2.16515303, 3.84916093, 0.11176889, 0.7858208 ],\n",
              "        [2.16223924, 3.84398087, 0.10704247, 0.78897082],\n",
              "        [2.15809432, 3.83661213, 0.10685125, 0.78787448],\n",
              "        [2.15911837, 3.83843266, 0.11688581, 0.77963337],\n",
              "        [2.1469903 , 3.81687164, 0.11959877, 0.77198152],\n",
              "        [2.13938398, 3.80334929, 0.11588395, 0.77433554],\n",
              "        [2.16479934, 3.84853216, 0.11474257, 0.77352547],\n",
              "        [2.12440231, 3.77671522, 0.11243493, 0.77742367],\n",
              "        [2.08095068, 3.69946788, 0.10132363, 0.7702684 ],\n",
              "        [2.12674573, 3.7808813 , 0.1049434 , 0.78559702],\n",
              "        [2.05688616, 3.65668651, 0.0899918 , 0.77425648],\n",
              "        [2.06206419, 3.6658919 , 0.09412693, 0.77395714],\n",
              "        [2.01718037, 3.58609843, 0.09224969, 0.77442074],\n",
              "        [1.99632329, 3.54901919, 0.09477155, 0.76403624],\n",
              "        [1.95866791, 3.48207628, 0.10170925, 0.76461669],\n",
              "        [1.97222945, 3.50618568, 0.10423215, 0.76487065],\n",
              "        [1.9801499 , 3.52026649, 0.1037943 , 0.76550034],\n",
              "        [2.07277337, 3.68493043, 0.0922593 , 0.78240044],\n",
              "        [2.08593403, 3.70832716, 0.10327236, 0.77831791],\n",
              "        [2.10193576, 3.73677468, 0.09777174, 0.77696239],\n",
              "        [2.06942276, 3.6789738 , 0.10776814, 0.77133032],\n",
              "        [2.11609021, 3.76193815, 0.10785534, 0.78384612],\n",
              "        [2.13770091, 3.80035717, 0.11881615, 0.78692693],\n",
              "        [2.14490915, 3.81317182, 0.12448446, 0.78508536],\n",
              "        [2.13186096, 3.78997504, 0.12652974, 0.79167143],\n",
              "        [2.11987879, 3.7686734 , 0.1357319 , 0.78631202],\n",
              "        [2.11973107, 3.7684108 , 0.13202101, 0.78801277],\n",
              "        [2.14537114, 3.81399314, 0.14337196, 0.78660209],\n",
              "        [2.10173863, 3.73642424, 0.15516572, 0.78310673],\n",
              "        [2.12572859, 3.77907304, 0.15616027, 0.78804605],\n",
              "        [2.21079641, 3.93030472, 0.16267739, 0.79023352],\n",
              "        [2.1788682 , 3.87354346, 0.16034488, 0.79350957],\n",
              "        [2.16468523, 3.8483293 , 0.16863306, 0.78521414],\n",
              "        [2.07887549, 3.69577864, 0.18453116, 0.77104262],\n",
              "        [2.09459575, 3.72372578, 0.18883961, 0.77566446],\n",
              "        [2.08357887, 3.70414021, 0.19233419, 0.77572887],\n",
              "        [2.09245145, 3.71991369, 0.18752255, 0.77560966],\n",
              "        [2.06358342, 3.66859274, 0.19523304, 0.77788478],\n",
              "        [2.03405648, 3.61610041, 0.20279986, 0.77582343],\n",
              "        [2.035865  , 3.61931556, 0.19714488, 0.77598995],\n",
              "        [2.01839966, 3.58826607, 0.19521004, 0.76966648],\n",
              "        [2.0191327 , 3.58956924, 0.19439055, 0.7682522 ],\n",
              "        [2.01416686, 3.58074108, 0.19381215, 0.77102724],\n",
              "        [2.0175447 , 3.58674614, 0.20242345, 0.76776601],\n",
              "        [2.03854355, 3.62407742, 0.19565059, 0.76956218],\n",
              "        [2.04358173, 3.63303418, 0.19834944, 0.76859356],\n",
              "        [2.01116009, 3.57539572, 0.19749125, 0.76491759],\n",
              "        [1.99579352, 3.54807737, 0.18743006, 0.76405937],\n",
              "        [2.00214705, 3.55937253, 0.18442703, 0.76666632],\n",
              "        [1.95768167, 3.48032297, 0.19344232, 0.76276957],\n",
              "        [1.96615789, 3.4953918 , 0.18940655, 0.76581628],\n",
              "        [1.93519167, 3.44034074, 0.18925944, 0.76224927],\n",
              "        [1.95326594, 3.47247279, 0.18882058, 0.76436291],\n",
              "        [1.99486787, 3.54643176, 0.1795571 , 0.77128557],\n",
              "        [1.97403326, 3.50939246, 0.18023641, 0.76497047],\n",
              "        [1.99197142, 3.54128253, 0.17942119, 0.76927632],\n",
              "        [1.9769554 , 3.51458737, 0.18010004, 0.76771509],\n",
              "        [1.94764892, 3.46248696, 0.18289111, 0.76275073],\n",
              "        [1.91169013, 3.39856022, 0.17984311, 0.75541983],\n",
              "        [1.95365738, 3.47316867, 0.1774821 , 0.75732227],\n",
              "        [1.94911185, 3.46508773, 0.17911424, 0.76220854],\n",
              "        [1.93029714, 3.43163936, 0.18086914, 0.7548056 ],\n",
              "        [1.90882463, 3.39346601, 0.18172466, 0.75495005],\n",
              "        [1.92032386, 3.41390908, 0.1842511 , 0.76262609],\n",
              "        [1.90373069, 3.38441012, 0.1865357 , 0.76056007],\n",
              "        [1.91395856, 3.402593  , 0.18915562, 0.76223554],\n",
              "        [1.89624157, 3.37109612, 0.19150681, 0.75681978],\n",
              "        [1.96191131, 3.48784232, 0.185178  , 0.77485306],\n",
              "        [1.95159275, 3.46949822, 0.19550923, 0.76602255],\n",
              "        [1.95483015, 3.4752536 , 0.20367313, 0.7741191 ],\n",
              "        [1.91958466, 3.41259494, 0.19808348, 0.77309448],\n",
              "        [1.92352809, 3.41960549, 0.19756833, 0.7751464 ],\n",
              "        [1.99176866, 3.54092206, 0.20287525, 0.78268806],\n",
              "        [1.93650029, 3.44266718, 0.20442362, 0.77825141],\n",
              "        [1.89324021, 3.36576038, 0.21183741, 0.7738005 ],\n",
              "        [1.93868363, 3.44654867, 0.21111933, 0.77395666],\n",
              "        [1.90858144, 3.39303367, 0.2114245 , 0.77141398],\n",
              "        [1.92062468, 3.41444387, 0.21184855, 0.77334726],\n",
              "        [1.93726054, 3.44401874, 0.21150706, 0.77535681],\n",
              "        [1.89271495, 3.36482658, 0.21761234, 0.77062991],\n",
              "        [1.90719903, 3.39057605, 0.21696072, 0.77219168],\n",
              "        [1.91005612, 3.39565532, 0.21581905, 0.77237918],\n",
              "        [1.84328073, 3.27694352, 0.21130446, 0.76376603],\n",
              "        [1.91191379, 3.39895785, 0.20194532, 0.76921299],\n",
              "        [1.88208695, 3.34593236, 0.19696145, 0.76502864],\n",
              "        [1.85532796, 3.29836082, 0.20098869, 0.76517044],\n",
              "        [1.88547692, 3.35195897, 0.1975743 , 0.76512504],\n",
              "        [1.89482128, 3.36857116, 0.20087727, 0.77021937],\n",
              "        [1.85336559, 3.29487216, 0.20245436, 0.7665024 ],\n",
              "        [1.84668411, 3.28299397, 0.1996386 , 0.76032932],\n",
              "        [1.77133277, 3.14903603, 0.21389713, 0.75966089],\n",
              "        [1.77931058, 3.16321882, 0.21355823, 0.75699121],\n",
              "        [1.82085107, 3.23706856, 0.2161218 , 0.75860722],\n",
              "        [1.86793915, 3.32078071, 0.21048537, 0.75689034],\n",
              "        [1.91060873, 3.39663774, 0.19508104, 0.76744548],\n",
              "        [1.00356403, 1.78411382, 0.6838925 , 0.58975919],\n",
              "        [0.88976788, 1.58180957, 0.85550187, 0.5128047 ],\n",
              "        [1.02022208, 1.81372814, 0.77267706, 0.5490802 ],\n",
              "        [1.02966001, 1.83050669, 0.77088515, 0.5381752 ],\n",
              "        [0.89645455, 1.59369697, 0.87472656, 0.50944756],\n",
              "        [0.90894487, 1.61590198, 0.88201703, 0.50561116],\n",
              "        [0.87914196, 1.56291904, 0.91416904, 0.50142913],\n",
              "        [0.87241711, 1.55096374, 0.9103074 , 0.50810813]]),\n",
              " 'verts': array([[[-0.07965033, -0.941834  , -0.03565901],\n",
              "         [-0.08318059, -0.9282197 , -0.0439567 ],\n",
              "         [-0.06980455, -0.92725503, -0.0373865 ],\n",
              "         ...,\n",
              "         [-0.16720471, -0.8467673 ,  0.06640661],\n",
              "         [-0.16827787, -0.8489673 ,  0.06526282],\n",
              "         [-0.17096256, -0.84578156,  0.06220241]],\n",
              " \n",
              "        [[-0.07347612, -0.9422753 , -0.03972575],\n",
              "         [-0.07725035, -0.9285716 , -0.04776561],\n",
              "         [-0.06369968, -0.9276535 , -0.04153024],\n",
              "         ...,\n",
              "         [-0.15851423, -0.84874094,  0.06575023],\n",
              "         [-0.1596082 , -0.8509381 ,  0.0646081 ],\n",
              "         [-0.16237521, -0.8477324 ,  0.06165431]],\n",
              " \n",
              "        [[-0.07250493, -0.9402706 , -0.03898489],\n",
              "         [-0.07644913, -0.9264956 , -0.04685842],\n",
              "         [-0.06284945, -0.9255554 , -0.04074789],\n",
              "         ...,\n",
              "         [-0.15717618, -0.8484403 ,  0.06832641],\n",
              "         [-0.1582659 , -0.85063267,  0.06717242],\n",
              "         [-0.16108981, -0.84741473,  0.06428234]],\n",
              " \n",
              "        ...,\n",
              " \n",
              "        [[ 0.2591314 , -0.83459365, -0.219791  ],\n",
              "         [ 0.254479  , -0.8267894 , -0.20819351],\n",
              "         [ 0.24817945, -0.82127553, -0.22029215],\n",
              "         ...,\n",
              "         [ 0.35711402, -0.7097029 , -0.18184328],\n",
              "         [ 0.35747862, -0.7119942 , -0.18106377],\n",
              "         [ 0.35653737, -0.71109444, -0.17649207]],\n",
              " \n",
              "        [[ 0.23128742, -0.8297396 , -0.25594088],\n",
              "         [ 0.22711502, -0.8223396 , -0.24389982],\n",
              "         [ 0.22098675, -0.8159596 , -0.25557968],\n",
              "         ...,\n",
              "         [ 0.33496746, -0.7112482 , -0.213018  ],\n",
              "         [ 0.3352308 , -0.71359205, -0.21236987],\n",
              "         [ 0.33437756, -0.7128832 , -0.20773408]],\n",
              " \n",
              "        [[ 0.24596375, -0.8433746 , -0.19431269],\n",
              "         [ 0.24218115, -0.83434385, -0.1832057 ],\n",
              "         [ 0.23530297, -0.8297876 , -0.19540647],\n",
              "         ...,\n",
              "         [ 0.34950882, -0.7187376 , -0.17248872],\n",
              "         [ 0.34985262, -0.7209973 , -0.17156112],\n",
              "         [ 0.34919026, -0.7197026 , -0.16703877]]], dtype=float32),\n",
              " 'pose': array([[[[ 9.91219461e-01, -1.27747104e-01, -3.41264680e-02],\n",
              "          [-1.30257785e-01, -8.99002671e-01, -4.18123275e-01],\n",
              "          [ 2.27342509e-02,  4.18897182e-01, -9.07748997e-01]],\n",
              " \n",
              "         [[ 9.93879259e-01, -9.18734670e-02, -6.13455884e-02],\n",
              "          [ 1.09714761e-01,  7.55994380e-01,  6.45317852e-01],\n",
              "          [-1.29106669e-02, -6.48098588e-01,  7.61447012e-01]],\n",
              " \n",
              "         [[ 9.92997706e-01,  1.16908170e-01,  1.69702042e-02],\n",
              "          [-1.08206749e-01,  8.42482805e-01,  5.27744234e-01],\n",
              "          [ 4.74005081e-02, -5.25885105e-01,  8.49233747e-01]],\n",
              " \n",
              "         ...,\n",
              " \n",
              "         [[ 9.58056688e-01,  2.71547496e-01,  9.15929601e-02],\n",
              "          [-2.70353049e-01,  9.62424994e-01, -2.54440848e-02],\n",
              "          [-9.50606242e-02, -3.85561492e-04,  9.95471418e-01]],\n",
              " \n",
              "         [[ 9.89769757e-01,  1.32855922e-01, -5.20106107e-02],\n",
              "          [-1.31063387e-01,  9.90702093e-01,  3.64939794e-02],\n",
              "          [ 5.63754588e-02, -2.93039512e-02,  9.97979522e-01]],\n",
              " \n",
              "         [[ 9.90183949e-01, -1.31309450e-01,  4.78915572e-02],\n",
              "          [ 1.30297706e-01,  9.91192043e-01,  2.36819517e-02],\n",
              "          [-5.05793914e-02, -1.72093268e-02,  9.98571754e-01]]],\n",
              " \n",
              " \n",
              "        [[[ 9.92919445e-01, -1.14830509e-01, -3.04118022e-02],\n",
              "          [-1.17058448e-01, -9.02296185e-01, -4.14920211e-01],\n",
              "          [ 2.02050451e-02,  4.15542305e-01, -9.09349322e-01]],\n",
              " \n",
              "         [[ 9.94191289e-01, -8.92911404e-02, -6.00877963e-02],\n",
              "          [ 1.07056916e-01,  7.63095438e-01,  6.37357175e-01],\n",
              "          [-1.10576451e-02, -6.40087903e-01,  7.68222094e-01]],\n",
              " \n",
              "         [[ 9.91873741e-01,  1.26552314e-01,  1.30749540e-02],\n",
              "          [-1.13128148e-01,  8.30274165e-01,  5.45753419e-01],\n",
              "          [ 5.82105815e-02, -5.42797685e-01,  8.37843776e-01]],\n",
              " \n",
              "         ...,\n",
              " \n",
              "         [[ 9.59722400e-01,  2.65953362e-01,  9.05637220e-02],\n",
              "          [-2.64390230e-01,  9.63977754e-01, -2.90617067e-02],\n",
              "          [-9.50304866e-02,  3.94700468e-03,  9.95466530e-01]],\n",
              " \n",
              "         [[ 9.89764273e-01,  1.32801697e-01, -5.22533022e-02],\n",
              "          [-1.30927622e-01,  9.90670979e-01,  3.78019996e-02],\n",
              "          [ 5.67859970e-02, -3.05736642e-02,  9.97918129e-01]],\n",
              " \n",
              "         [[ 9.90303934e-01, -1.30285874e-01,  4.82052565e-02],\n",
              "          [ 1.29246920e-01,  9.91319835e-01,  2.40892265e-02],\n",
              "          [-5.09253070e-02, -1.76252741e-02,  9.98546958e-01]]],\n",
              " \n",
              " \n",
              "        [[[ 9.92775142e-01, -1.10904746e-01, -4.57999706e-02],\n",
              "          [-1.19834594e-01, -8.97030354e-01, -4.25413132e-01],\n",
              "          [ 6.09636679e-03,  4.27828014e-01, -9.03839648e-01]],\n",
              " \n",
              "         [[ 9.93532658e-01, -9.63680744e-02, -6.00501299e-02],\n",
              "          [ 1.12454951e-01,  7.61956990e-01,  6.37789547e-01],\n",
              "          [-1.57069396e-02, -6.40417695e-01,  7.67866194e-01]],\n",
              " \n",
              "         [[ 9.91591632e-01,  1.28993019e-01,  1.03347441e-02],\n",
              "          [-1.12471566e-01,  8.19575727e-01,  5.61823606e-01],\n",
              "          [ 6.40012249e-02, -5.58261931e-01,  8.27192485e-01]],\n",
              " \n",
              "         ...,\n",
              " \n",
              "         [[ 9.60612535e-01,  2.63018578e-01,  8.96928459e-02],\n",
              "          [-2.61004806e-01,  9.64749157e-01, -3.36980820e-02],\n",
              "          [-9.53943208e-02,  8.96053575e-03,  9.95399237e-01]],\n",
              " \n",
              "         [[ 9.90012228e-01,  1.30718783e-01, -5.28056882e-02],\n",
              "          [-1.28634393e-01,  9.90838945e-01,  4.11253832e-02],\n",
              "          [ 5.76977991e-02, -3.39220017e-02,  9.97757614e-01]],\n",
              " \n",
              "         [[ 9.90488648e-01, -1.28766760e-01,  4.84902002e-02],\n",
              "          [ 1.27664462e-01,  9.91497338e-01,  2.51942277e-02],\n",
              "          [-5.13220839e-02, -1.87641215e-02,  9.98505771e-01]]],\n",
              " \n",
              " \n",
              "        ...,\n",
              " \n",
              " \n",
              "        [[[-5.44647813e-01,  4.39413458e-01, -7.14334965e-01],\n",
              "          [ 3.76545221e-01, -6.32952094e-01, -6.76450431e-01],\n",
              "          [-7.49381363e-01, -6.37406766e-01,  1.79276943e-01]],\n",
              " \n",
              "         [[ 9.83014286e-01,  1.24328062e-01,  1.35001361e-01],\n",
              "          [-5.28424010e-02,  8.96172583e-01, -4.40547794e-01],\n",
              "          [-1.75756976e-01,  4.25931036e-01,  8.87520254e-01]],\n",
              " \n",
              "         [[ 9.36544538e-01, -3.01608685e-02,  3.49248886e-01],\n",
              "          [-7.45246187e-03,  9.94353592e-01,  1.05855942e-01],\n",
              "          [-3.50469559e-01, -1.01741530e-01,  9.31031644e-01]],\n",
              " \n",
              "         ...,\n",
              " \n",
              "         [[ 9.47439134e-01,  3.14021677e-01,  6.12332821e-02],\n",
              "          [-3.08047712e-01,  9.47058558e-01, -9.04806256e-02],\n",
              "          [-8.64043757e-02,  6.68621063e-02,  9.94014025e-01]],\n",
              " \n",
              "         [[ 9.91259515e-01,  1.10722385e-01, -7.17292801e-02],\n",
              "          [-1.04312137e-01,  9.90672231e-01,  8.76783952e-02],\n",
              "          [ 8.07681605e-02, -7.94298053e-02,  9.93562937e-01]],\n",
              " \n",
              "         [[ 9.88460183e-01, -1.37027502e-01,  6.45745173e-02],\n",
              "          [ 1.35251909e-01,  9.90322113e-01,  3.11296619e-02],\n",
              "          [-6.82151914e-02, -2.20366027e-02,  9.97427225e-01]]],\n",
              " \n",
              " \n",
              "        [[[-5.57955325e-01,  4.01621550e-01, -7.26213455e-01],\n",
              "          [ 4.21104640e-01, -6.17038190e-01, -6.64781690e-01],\n",
              "          [-7.15092063e-01, -6.76730394e-01,  1.75155059e-01]],\n",
              " \n",
              "         [[ 9.84253109e-01,  1.27914324e-01,  1.21998288e-01],\n",
              "          [-5.71859293e-02,  8.83481979e-01, -4.64961708e-01],\n",
              "          [-1.67258531e-01,  4.50663507e-01,  8.76884758e-01]],\n",
              " \n",
              "         [[ 9.28829551e-01, -5.32107055e-02,  3.66666496e-01],\n",
              "          [ 5.69049409e-03,  9.91565585e-01,  1.29481137e-01],\n",
              "          [-3.70463639e-01, -1.18179388e-01,  9.21298206e-01]],\n",
              " \n",
              "         ...,\n",
              " \n",
              "         [[ 9.48365092e-01,  3.11084777e-01,  6.18854612e-02],\n",
              "          [-3.05116713e-01,  9.48059916e-01, -8.99233669e-02],\n",
              "          [-8.66449177e-02,  6.63979053e-02,  9.94024098e-01]],\n",
              " \n",
              "         [[ 9.91069734e-01,  1.12686589e-01, -7.12916404e-02],\n",
              "          [-1.06384195e-01,  9.90532339e-01,  8.67642984e-02],\n",
              "          [ 8.03938583e-02, -7.84051642e-02,  9.93674695e-01]],\n",
              " \n",
              "         [[ 9.87994075e-01, -1.40276164e-01,  6.47324175e-02],\n",
              "          [ 1.38613626e-01,  9.89906549e-01,  2.95186341e-02],\n",
              "          [-6.82198033e-02, -2.01914404e-02,  9.97465968e-01]]],\n",
              " \n",
              " \n",
              "        [[[-5.35391331e-01,  4.49681729e-01, -7.14942217e-01],\n",
              "          [ 3.64484131e-01, -6.40592098e-01, -6.75864637e-01],\n",
              "          [-7.61910379e-01, -6.22437179e-01,  1.79065600e-01]],\n",
              " \n",
              "         [[ 9.89507020e-01,  8.98934901e-02,  1.13115236e-01],\n",
              "          [-3.76867875e-02,  9.16364908e-01, -3.98566157e-01],\n",
              "          [-1.39483348e-01,  3.90121043e-01,  9.10137296e-01]],\n",
              " \n",
              "         [[ 9.39477742e-01, -7.03979433e-02,  3.35299402e-01],\n",
              "          [-3.10164457e-03,  9.76874530e-01,  2.13790730e-01],\n",
              "          [-3.42595875e-01, -2.01891616e-01,  9.17533517e-01]],\n",
              " \n",
              "         ...,\n",
              " \n",
              "         [[ 9.49618638e-01,  3.08074355e-01,  5.75734228e-02],\n",
              "          [-3.02818894e-01,  9.49267507e-01, -8.48051533e-02],\n",
              "          [-8.07788670e-02,  6.30982295e-02,  9.94732857e-01]],\n",
              " \n",
              "         [[ 9.91872609e-01,  1.05201356e-01, -7.15638623e-02],\n",
              "          [-9.85648334e-02,  9.90990043e-01,  9.06840041e-02],\n",
              "          [ 8.04591626e-02, -8.28932971e-02,  9.93305027e-01]],\n",
              " \n",
              "         [[ 9.88861084e-01, -1.34382159e-01,  6.39934689e-02],\n",
              "          [ 1.32402167e-01,  9.90603983e-01,  3.42552364e-02],\n",
              "          [-6.79954737e-02, -2.54007969e-02,  9.97362196e-01]]]],\n",
              "       dtype=float32),\n",
              " 'betas': array([[ 0.51018625,  0.4703803 , -0.5295545 , ...,  0.4227997 ,\n",
              "         -0.01050184,  0.28297445],\n",
              "        [ 0.5115865 ,  0.4708381 , -0.52854604, ...,  0.4225069 ,\n",
              "         -0.01063611,  0.2841312 ],\n",
              "        [ 0.5132695 ,  0.47319975, -0.5293453 , ...,  0.42275563,\n",
              "         -0.01048618,  0.2849057 ],\n",
              "        ...,\n",
              "        [ 0.29515168,  0.4947237 , -0.4961787 , ...,  0.40202618,\n",
              "          0.04110385,  0.23717773],\n",
              "        [ 0.29674014,  0.49526054, -0.49181008, ...,  0.40070814,\n",
              "          0.03904096,  0.23594207],\n",
              "        [ 0.29940015,  0.4907751 , -0.4966484 , ...,  0.4017747 ,\n",
              "          0.03832361,  0.23810479]], dtype=float32),\n",
              " 'joints3d': array([[[-0.10772619, -0.85248744, -0.07801493],\n",
              "         [-0.06528984, -0.7275788 ,  0.07733327],\n",
              "         [-0.23667896, -0.6286698 ,  0.07028253],\n",
              "         ...,\n",
              "         [-0.14387414, -0.8770176 , -0.03142026],\n",
              "         [-0.01956394, -0.8799088 ,  0.04119834],\n",
              "         [-0.16201125, -0.83766925,  0.06480884]],\n",
              " \n",
              "        [[-0.10296828, -0.85250854, -0.08025662],\n",
              "         [-0.05697138, -0.7288197 ,  0.07494556],\n",
              "         [-0.23015875, -0.63333356,  0.07035465],\n",
              "         ...,\n",
              "         [-0.13778391, -0.87769806, -0.03297611],\n",
              "         [-0.01148949, -0.8810432 ,  0.03626156],\n",
              "         [-0.15339074, -0.8396053 ,  0.06412415]],\n",
              " \n",
              "        [[-0.10307302, -0.8502634 , -0.07825109],\n",
              "         [-0.05623712, -0.7280407 ,  0.07774418],\n",
              "         [-0.22959039, -0.63252366,  0.0755949 ],\n",
              "         ...,\n",
              "         [-0.13721237, -0.8761605 , -0.03091304],\n",
              "         [-0.01019754, -0.87935805,  0.03699946],\n",
              "         [-0.15213126, -0.8392489 ,  0.06674475]],\n",
              " \n",
              "        ...,\n",
              " \n",
              "        [[ 0.2268336 , -0.7808658 , -0.1392959 ],\n",
              "         [ 0.2556787 , -0.59188366, -0.2084917 ],\n",
              "         [ 0.3276717 , -0.4748087 , -0.06370171],\n",
              "         ...,\n",
              "         [ 0.28934652, -0.7838632 , -0.15173814],\n",
              "         [ 0.24803513, -0.7372776 , -0.27982396],\n",
              "         [ 0.3498921 , -0.70299983, -0.18089533]],\n",
              " \n",
              "        [[ 0.2022803 , -0.7788701 , -0.17233756],\n",
              "         [ 0.23852134, -0.5881487 , -0.23309322],\n",
              "         [ 0.31668037, -0.47821084, -0.08400122],\n",
              "         ...,\n",
              "         [ 0.2643698 , -0.7839016 , -0.18580765],\n",
              "         [ 0.22364615, -0.7292117 , -0.3109056 ],\n",
              "         [ 0.32802182, -0.7042869 , -0.21164387]],\n",
              " \n",
              "        [[ 0.2200805 , -0.7817523 , -0.11702298],\n",
              "         [ 0.2489095 , -0.5998108 , -0.20106259],\n",
              "         [ 0.32616654, -0.47779298, -0.06430553],\n",
              "         ...,\n",
              "         [ 0.2816187 , -0.78761375, -0.13244042],\n",
              "         [ 0.23448706, -0.75088143, -0.26188943],\n",
              "         [ 0.34252733, -0.71171856, -0.17169099]]], dtype=float32),\n",
              " 'joints2d': None,\n",
              " 'smpl_joints2d': array([[[ 967.4526 ,  400.58386],\n",
              "         [1056.9187 ,  660.0643 ],\n",
              "         [ 702.92334,  864.4297 ],\n",
              "         ...,\n",
              "         [ 892.6703 ,  349.9569 ],\n",
              "         [1151.4615 ,  345.08954],\n",
              "         [ 857.01227,  432.74326]],\n",
              " \n",
              "        [[ 967.4802 ,  407.29196],\n",
              "         [1064.1847 ,  663.8663 ],\n",
              "         [ 706.9731 ,  860.86536],\n",
              "         ...,\n",
              "         [ 895.5704 ,  355.33105],\n",
              "         [1158.1534 ,  349.4429 ],\n",
              "         [ 865.1728 ,  435.38574]],\n",
              " \n",
              "        [[ 966.8799 ,  409.97556],\n",
